182
632
96
7734
12211
646
81
227
1
493
161
664
297
166
366
345
454
50
215
638
12203
12303
130
193
504
644
328
69
643
12295
12220
12215
12275
12260
252
332
122
43
348
647
529
670
452
170
327
673
573
398
12299
12237
12302
36
208
340
196
507
236
85
482
402
566
119
7733
12245
12221
12271
12294
12283
172
152
12269
12218
256
233
270
491
367
146
526
77
107
214
530
679
10
676
7731
null
12241
636
390
151
335
129
124
613
51
12234
12292
12277
12259
12231
433
82
12265
568
471
87
378
385
164
205
90
658
198
244
92
284
382
135
364
550
12236
12276
417
3
562
127
14
286
7728
12212
12229
12235
12255
12291
554
671
409
415
401
438
431
547
315
38
457
207
249
301
442
421
544
62
12297
12301
12174
600
656
147
192
117
228
232
7735
12278
12256
12197
12185
12296
250
293
567
12228
29
394
260
350
499
108
189
142
7
100
581
383
206
355
506
158
657
642
7729
12223
12305
283
23
191
391
12244
12222
12280
12240
12257
56
489
589
522
44
49
177
30
595
276
26
531
672
28
188
569
496
309
160
7732
12300
12192
12178
274
220
125
411
263
4
12290
12195
12230
12306
12261
363
278
12267
578
167
22
488
407
163
304
239
114
344
630
99
447
210
553
317
12224
12304
12238
225
101
86
162
194
8
379
7741
12232
12285
12254
12242
532
258
548
480
619
329
667
620
282
266
237
149
154
120
165
148
311
464
633
7726
12298
12279
12270
238
34
242
605
587
459
12219
12243
12273
12293
12226
74
545
576
289
27
60
31
173
388
84
472
356
663
604
246
564
510
624
41
519
479
414
362
55
357
184
435
15
659
502
47
560
535
326
434
611
76
325
310
603
410
323
174
597
577
428
425
303
641
572
176
153
57
97
463
473
280
539
73
75
525
453
637
498
267
88
424
612
140
128
474
542
212
305
467
261
557
625
450
213
476
610
598
131
18
602
386
39
660
203
178
209
500
392
373
422
674
513
436
395
456
80
241
67
197
584
339
368
346
94
264
420
222
19
285
432
54
138
157
95
503
518
475
614
483
24
648
634
324
103
42
627
389
338
372
221
33
477
179
396
265
245
360
509
523
25
675
273
112
629
123
247
495
7740
7736
7753
7754
7745
7756
7742
7746
7748
7747
7755
7738
7730
7749
7751
7744
7750
7737
7757
7758
683
12181
12227
12246
12183
12193
12233
12201
12200
12179
12182
12176
12180
12264
12247
12217
12248
12287
12249
12286
12199
12213
12268
12250
12214
12216
12251
12252
12239
12284
12177
12253
12188
12196
12189
12190
12262
12282
12281
12191
12175
12274
12198
12263
12258
12187
12184
12266
12288
12202
12225
12272
682
251
559
217